#Dunkelstrom (1+-0.2)nA
#Spaltbreite 0.15mm
-9.0    0.10    0.02
-8.5    0.20    0.02
-8.0    0.32    0.02
-7.5    0.44    0.02
-7.0    0.48    0.02
-6.5    0.42    0.02
-6.0    0.30    0.02
-5.5    0.16    0.02
-5.0    0.08    0.02
-4.5    0.16    0.02
-4.2    0.36    0.02
-3.9    0.68    0.02
-3.6    1.0     0.2 
-3.3    1.6     0.2 
-3.0    2.4     0.2 
-2.7    3.2     0.2 
-2.4    4.2     0.2 
-2.1    5.2     0.2 
-1.8    6.2     0.2 
-1.5    7.2     0.2 
-1.2    8.0     0.2 
-0.9    8.8     0.2 
-0.6    9.4     0.2 
-0.3    9.6     0.2 
 0.0    11.40   0.2 
 0.3    10.80   0.2 
 0.6    10.80   0.2 
 0.9    9.6     0.2 
 1.2    9.0     0.2 
 1.5    7.8     0.2 
 1.8    6.6     0.2 
 2.1    5.4     0.2 
 2.4    4.2     0.2 
 2.7    3.6     0.2 
 3.0    2.6     0.2 
 3.3    1.8     0.2 
 3.6    1.0     0.2 
 3.9    0.66    0.02
 4.2    0.32    0.02
 4.5    0.16    0.02
 5.0    0.10    0.02
 5.5    0.24    0.02
 6.0    0.42    0.02
 6.5    0.58    0.02
 7.0    0.62    0.02
 7.5    0.58    0.02
 8.0    0.46    0.02
 8.5    0.30    0.02
 9.0    0.18    0.02