#gelbes Licht mit Wellenlaenge von 578nm
#1. Spalte U in V; 2. Spalte Strom in nA; 3. Spalte Messunsicherheit des Stroms in nA
-19     23.4    0.6 
-18     23.4    0.6 
-17     22.8    0.6 
-16     22.8    0.6 
-15     22.2    0.6 
-14     22.2    0.6 
-13     22.2    0.6 
-12     22.2    0.6 
-11     22.2    0.6 
-10     21.6    0.6 
-9      21.0    0.6 
-8      20.4    0.6 
-7      19.2    0.6 
-6      18.0    0.6 
-5      16.8    0.6 
-4      15.0    0.6 
-3      12.6    0.6 
-2      9.6     0.2
-1.5    8.2     0.2
-1.25   7.4     0.2
-1      6.6     0.2
-0.9    6.2     0.2
-0.8    5.8     0.2
-0.7    5.2     0.2
-0.6    4.8     0.2
-0.5    4.2     0.2
-0.4    3.6     0.2
-0.3    3.2     0.2
-0.2    2.6     0.2
-0.1    1.8     0.2
0       1.2     0.2
0.1     0.52    0.02
0.2     0.16    0.02
0.29    0       0.02




























